OrderedDict([('label_emb.weight', Parameter containing:
tensor([[-1.4410,  0.2725, -0.9720,  1.8549, -0.7962,  1.6327, -1.6957, -0.0648,
          0.4950,  0.9220],
        [-0.2043, -0.5527,  0.0584,  1.4669, -1.9695, -1.5704,  2.1618, -0.1632,
          0.1383,  0.0641],
        [-0.7411, -0.6143, -0.3593,  0.0694,  0.4893,  0.9105,  0.4739, -0.1063,
         -0.0107, -1.4806],
        [-0.9697,  1.9380,  0.9370, -0.5626, -2.5253,  0.1883, -0.2376, -1.7439,
          0.4598,  1.0913],
        [-0.0433,  0.2919, -1.0420,  0.8392,  0.1280, -1.2357,  0.3568, -0.1281,
          0.2262, -0.2069],
        [-1.8431, -1.2637, -0.3892, -0.4528, -1.6324, -0.0446, -0.1415, -0.1902,
         -0.9891,  0.8202],
        [ 0.8475, -0.1342,  0.7304,  1.3104,  0.9630,  0.3209,  0.9146, -1.4612,
         -0.4577, -1.1858],
        [-0.1054, -0.7060,  0.1571, -0.7894, -0.3605, -0.9219,  0.7516, -0.5197,
         -1.3522,  0.9360],
        [-0.7831,  1.4164,  0.5457,  0.7225, -0.9455, -0.1033,  0.8016, -1.1517,
         -1.2729,  0.7916],
        [ 0.7389, -0.9079,  1.1368, -0.9549,  0.3669,  0.8881, -1.3792, -0.4364,
         -1.1926,  0.0372]], requires_grad=True)), ('model.0.weight', Parameter containing:
tensor([[ 0.0765, -0.0916,  0.0667,  ..., -0.0284,  0.0132,  0.0230],
        [ 0.0860,  0.0911,  0.0400,  ...,  0.0725, -0.0833,  0.0417],
        [ 0.0333,  0.0660, -0.0720,  ...,  0.0911,  0.0134,  0.0488],
        ...,
        [ 0.0570, -0.0534, -0.0372,  ...,  0.0297, -0.0467, -0.0946],
        [ 0.0817, -0.0638, -0.0321,  ...,  0.0640,  0.0121, -0.0144],
        [-0.0547,  0.0136, -0.0839,  ...,  0.0725, -0.0494, -0.0174]],
       requires_grad=True)), ('model.0.bias', Parameter containing:
tensor([-0.0062, -0.0464,  0.0088, -0.0794, -0.0873, -0.0786,  0.0639, -0.0402,
         0.0199,  0.0685, -0.0082, -0.0011,  0.0623, -0.0828, -0.0412, -0.0196,
         0.0759, -0.0928,  0.0717, -0.0305, -0.0370,  0.0769,  0.0591,  0.0793,
        -0.0153,  0.0136, -0.0166,  0.0176, -0.0279, -0.0502,  0.0817, -0.0445,
        -0.0085, -0.0839, -0.0419,  0.0135,  0.0909, -0.0423,  0.0028,  0.0446,
         0.0792,  0.0748, -0.0629,  0.0425,  0.0650,  0.0940,  0.0652, -0.0574,
         0.0748,  0.0146,  0.0755,  0.0821,  0.0668, -0.0235, -0.0560,  0.0075,
         0.0744, -0.0799,  0.0615,  0.0195, -0.0627,  0.0095, -0.0328, -0.0526,
         0.0099, -0.0333, -0.0425,  0.0616, -0.0479,  0.0218, -0.0127, -0.0537,
         0.0288, -0.0131,  0.0234, -0.0844,  0.0759,  0.0450, -0.0327,  0.0148,
        -0.0724, -0.0526, -0.0103, -0.0337,  0.0131,  0.0606, -0.0687,  0.0259,
        -0.0314,  0.0808,  0.0530, -0.0523,  0.0266, -0.0487,  0.0161,  0.0070,
         0.0391, -0.0876,  0.0045, -0.0102, -0.0006, -0.0877, -0.0208,  0.0750,
        -0.0321, -0.0663, -0.0442, -0.0390,  0.0657, -0.0357,  0.0565,  0.0284,
         0.0162,  0.0096,  0.0416,  0.0831, -0.0558, -0.0861,  0.0384, -0.0407,
        -0.0594,  0.0626,  0.0900,  0.0688,  0.0947, -0.0891, -0.0786, -0.0773],
       requires_grad=True)), ('model.2.weight', Parameter containing:
tensor([[-0.0729, -0.0034,  0.0716,  ...,  0.0863, -0.0270,  0.0317],
        [-0.0302,  0.0283, -0.0010,  ..., -0.0424,  0.0362,  0.0394],
        [-0.0607, -0.0693,  0.0644,  ..., -0.0791, -0.0700, -0.0286],
        ...,
        [ 0.0067,  0.0279,  0.0109,  ...,  0.0504,  0.0577,  0.0879],
        [-0.0131, -0.0432, -0.0235,  ...,  0.0208, -0.0367, -0.0406],
        [-0.0608,  0.0665, -0.0147,  ...,  0.0145, -0.0028, -0.0263]],
       requires_grad=True)), ('model.2.bias', Parameter containing:
tensor([-0.0789,  0.0100,  0.0023, -0.0860, -0.0860,  0.0175, -0.0400, -0.0706,
         0.0876, -0.0416,  0.0788,  0.0605,  0.0749, -0.0455,  0.0846, -0.0684,
        -0.0166, -0.0282, -0.0152, -0.0064,  0.0026, -0.0823, -0.0441, -0.0496,
         0.0613,  0.0288, -0.0014,  0.0161, -0.0351, -0.0181, -0.0386,  0.0417,
        -0.0853, -0.0075,  0.0716, -0.0580,  0.0542,  0.0751, -0.0426, -0.0697,
         0.0869,  0.0580,  0.0803,  0.0149,  0.0643, -0.0262,  0.0338, -0.0656,
         0.0760,  0.0026,  0.0409,  0.0474,  0.0820, -0.0086, -0.0328,  0.0215,
        -0.0468, -0.0629, -0.0102, -0.0160,  0.0718,  0.0841, -0.0881, -0.0650,
         0.0312,  0.0268, -0.0609,  0.0098, -0.0112, -0.0434, -0.0666, -0.0806,
        -0.0106, -0.0015, -0.0239,  0.0882,  0.0386,  0.0086, -0.0079, -0.0228,
        -0.0150,  0.0596,  0.0513, -0.0712,  0.0488, -0.0491, -0.0872, -0.0532,
         0.0198,  0.0626,  0.0558, -0.0810, -0.0361, -0.0550, -0.0471, -0.0053,
        -0.0294, -0.0251,  0.0853, -0.0550,  0.0534,  0.0685,  0.0410,  0.0199,
        -0.0394,  0.0181, -0.0872,  0.0855, -0.0047, -0.0272, -0.0004,  0.0679,
        -0.0375, -0.0381,  0.0861,  0.0640, -0.0813, -0.0055,  0.0726,  0.0849,
         0.0148,  0.0236, -0.0718, -0.0726, -0.0742, -0.0258,  0.0661,  0.0123,
         0.0790,  0.0590, -0.0022,  0.0208,  0.0132,  0.0129, -0.0845,  0.0514,
         0.0292, -0.0779,  0.0669, -0.0622, -0.0327,  0.0767, -0.0533,  0.0664,
         0.0618,  0.0257,  0.0884,  0.0551, -0.0873,  0.0837, -0.0182, -0.0007,
         0.0774, -0.0673, -0.0293,  0.0233,  0.0619, -0.0407, -0.0845, -0.0874,
        -0.0216, -0.0659, -0.0303,  0.0671, -0.0661, -0.0842,  0.0459,  0.0377,
        -0.0756,  0.0666,  0.0589, -0.0230, -0.0218,  0.0579, -0.0794, -0.0377,
        -0.0649, -0.0248, -0.0523, -0.0277, -0.0423,  0.0783, -0.0765,  0.0640,
         0.0055,  0.0861, -0.0744, -0.0506,  0.0854, -0.0046, -0.0505,  0.0606,
         0.0850, -0.0395, -0.0440, -0.0803, -0.0490, -0.0139, -0.0443, -0.0302,
         0.0532, -0.0867, -0.0295, -0.0137,  0.0489, -0.0736,  0.0048, -0.0197,
        -0.0467, -0.0147,  0.0389,  0.0511,  0.0736,  0.0024, -0.0520, -0.0823,
        -0.0267,  0.0655, -0.0270, -0.0267,  0.0028,  0.0697, -0.0732, -0.0478,
        -0.0279,  0.0550, -0.0620,  0.0071, -0.0435, -0.0657,  0.0876, -0.0816,
         0.0125, -0.0456, -0.0422, -0.0655,  0.0107,  0.0734,  0.0446,  0.0241,
         0.0189, -0.0414,  0.0500, -0.0312,  0.0245, -0.0591, -0.0394, -0.0861,
         0.0472,  0.0884, -0.0594,  0.0797, -0.0173, -0.0571,  0.0154,  0.0489],
       requires_grad=True)), ('model.3.weight', Parameter containing:
tensor([0.5372, 0.0518, 0.9538, 0.5558, 0.6644, 0.4992, 0.5793, 0.6768, 0.8934,
        0.4952, 0.4556, 0.0025, 0.1593, 0.7648, 0.8258, 0.1453, 0.3152, 0.4601,
        0.8638, 0.3712, 0.0590, 0.2659, 0.8825, 0.2592, 0.8886, 0.3465, 0.0955,
        0.8836, 0.0425, 0.1413, 0.0699, 0.2317, 0.2201, 0.9383, 0.9983, 0.2387,
        0.1677, 0.6453, 0.5047, 0.9462, 0.0218, 0.0829, 0.2150, 0.1883, 0.0461,
        0.4537, 0.7735, 0.7596, 0.7334, 0.4972, 0.3134, 0.3028, 0.8782, 0.8613,
        0.7602, 0.1844, 0.3488, 0.2894, 0.6216, 0.3411, 0.6911, 0.5031, 0.7870,
        0.9963, 0.1304, 0.2017, 0.8804, 0.7947, 0.8414, 0.5517, 0.5520, 0.3422,
        0.0861, 0.5660, 0.6387, 0.9391, 0.0161, 0.4391, 0.1663, 0.4586, 0.3494,
        0.2172, 0.7053, 0.3776, 0.3340, 0.9320, 0.3041, 0.6516, 0.5533, 0.1770,
        0.5809, 0.0072, 0.2522, 0.4541, 0.4050, 0.4571, 0.3980, 0.0547, 0.5877,
        0.9827, 0.1616, 0.1004, 0.1847, 0.2520, 0.9536, 0.4170, 0.7802, 0.9780,
        0.0495, 0.6585, 0.8117, 0.8082, 0.1721, 0.3780, 0.5734, 0.7283, 0.7844,
        0.0801, 0.1748, 0.7705, 0.4563, 0.3685, 0.4756, 0.6072, 0.8375, 0.2941,
        0.1081, 0.2122, 0.0754, 0.1833, 0.1459, 0.5079, 0.1314, 0.3356, 0.6475,
        0.7484, 0.9498, 0.1421, 0.5300, 0.8798, 0.8683, 0.1929, 0.2831, 0.4339,
        0.1906, 0.0579, 0.9253, 0.9352, 0.9490, 0.1153, 0.1907, 0.2041, 0.5628,
        0.1682, 0.1888, 0.2470, 0.6350, 0.4931, 0.2324, 0.2729, 0.7950, 0.1000,
        0.4082, 0.9805, 0.4945, 0.7704, 0.5620, 0.5342, 0.5784, 0.6314, 0.8589,
        0.7759, 0.6266, 0.4326, 0.4334, 0.2338, 0.7631, 0.2612, 0.8802, 0.0054,
        0.5933, 0.8619, 0.0758, 0.4097, 0.5012, 0.4392, 0.6763, 0.1749, 0.0166,
        0.8761, 0.4719, 0.7435, 0.1895, 0.0109, 0.4702, 0.3454, 0.8581, 0.9081,
        0.4363, 0.4309, 0.3244, 0.6265, 0.4900, 0.1546, 0.4179, 0.9050, 0.8647,
        0.4098, 0.8306, 0.4258, 0.1428, 0.3297, 0.5030, 0.6065, 0.8830, 0.7573,
        0.2958, 0.1361, 0.5734, 0.1812, 0.7223, 0.5142, 0.0362, 0.9058, 0.7687,
        0.1060, 0.1936, 0.7137, 0.9058, 0.1116, 0.6573, 0.1484, 0.0498, 0.9530,
        0.0096, 0.3567, 0.1862, 0.9202, 0.6269, 0.0367, 0.1197, 0.4339, 0.6016,
        0.9547, 0.3334, 0.8924, 0.1109, 0.4230, 0.9607, 0.5612, 0.7807, 0.3913,
        0.2951, 0.0214, 0.1486, 0.3621], requires_grad=True)), ('model.3.bias', Parameter containing:
tensor([0., 0., 0., 0., 0., 0., 0., 0., 0., 0., 0., 0., 0., 0., 0., 0., 0., 0., 0., 0., 0., 0., 0., 0.,
        0., 0., 0., 0., 0., 0., 0., 0., 0., 0., 0., 0., 0., 0., 0., 0., 0., 0., 0., 0., 0., 0., 0., 0.,
        0., 0., 0., 0., 0., 0., 0., 0., 0., 0., 0., 0., 0., 0., 0., 0., 0., 0., 0., 0., 0., 0., 0., 0.,
        0., 0., 0., 0., 0., 0., 0., 0., 0., 0., 0., 0., 0., 0., 0., 0., 0., 0., 0., 0., 0., 0., 0., 0.,
        0., 0., 0., 0., 0., 0., 0., 0., 0., 0., 0., 0., 0., 0., 0., 0., 0., 0., 0., 0., 0., 0., 0., 0.,
        0., 0., 0., 0., 0., 0., 0., 0., 0., 0., 0., 0., 0., 0., 0., 0., 0., 0., 0., 0., 0., 0., 0., 0.,
        0., 0., 0., 0., 0., 0., 0., 0., 0., 0., 0., 0., 0., 0., 0., 0., 0., 0., 0., 0., 0., 0., 0., 0.,
        0., 0., 0., 0., 0., 0., 0., 0., 0., 0., 0., 0., 0., 0., 0., 0., 0., 0., 0., 0., 0., 0., 0., 0.,
        0., 0., 0., 0., 0., 0., 0., 0., 0., 0., 0., 0., 0., 0., 0., 0., 0., 0., 0., 0., 0., 0., 0., 0.,
        0., 0., 0., 0., 0., 0., 0., 0., 0., 0., 0., 0., 0., 0., 0., 0., 0., 0., 0., 0., 0., 0., 0., 0.,
        0., 0., 0., 0., 0., 0., 0., 0., 0., 0., 0., 0., 0., 0., 0., 0.],
       requires_grad=True)), ('model.3.running_mean', tensor([0., 0., 0., 0., 0., 0., 0., 0., 0., 0., 0., 0., 0., 0., 0., 0., 0., 0., 0., 0., 0., 0., 0., 0.,
        0., 0., 0., 0., 0., 0., 0., 0., 0., 0., 0., 0., 0., 0., 0., 0., 0., 0., 0., 0., 0., 0., 0., 0.,
        0., 0., 0., 0., 0., 0., 0., 0., 0., 0., 0., 0., 0., 0., 0., 0., 0., 0., 0., 0., 0., 0., 0., 0.,
        0., 0., 0., 0., 0., 0., 0., 0., 0., 0., 0., 0., 0., 0., 0., 0., 0., 0., 0., 0., 0., 0., 0., 0.,
        0., 0., 0., 0., 0., 0., 0., 0., 0., 0., 0., 0., 0., 0., 0., 0., 0., 0., 0., 0., 0., 0., 0., 0.,
        0., 0., 0., 0., 0., 0., 0., 0., 0., 0., 0., 0., 0., 0., 0., 0., 0., 0., 0., 0., 0., 0., 0., 0.,
        0., 0., 0., 0., 0., 0., 0., 0., 0., 0., 0., 0., 0., 0., 0., 0., 0., 0., 0., 0., 0., 0., 0., 0.,
        0., 0., 0., 0., 0., 0., 0., 0., 0., 0., 0., 0., 0., 0., 0., 0., 0., 0., 0., 0., 0., 0., 0., 0.,
        0., 0., 0., 0., 0., 0., 0., 0., 0., 0., 0., 0., 0., 0., 0., 0., 0., 0., 0., 0., 0., 0., 0., 0.,
        0., 0., 0., 0., 0., 0., 0., 0., 0., 0., 0., 0., 0., 0., 0., 0., 0., 0., 0., 0., 0., 0., 0., 0.,
        0., 0., 0., 0., 0., 0., 0., 0., 0., 0., 0., 0., 0., 0., 0., 0.])), ('model.3.running_var', tensor([1., 1., 1., 1., 1., 1., 1., 1., 1., 1., 1., 1., 1., 1., 1., 1., 1., 1.,
        1., 1., 1., 1., 1., 1., 1., 1., 1., 1., 1., 1., 1., 1., 1., 1., 1., 1.,
        1., 1., 1., 1., 1., 1., 1., 1., 1., 1., 1., 1., 1., 1., 1., 1., 1., 1.,
        1., 1., 1., 1., 1., 1., 1., 1., 1., 1., 1., 1., 1., 1., 1., 1., 1., 1.,
        1., 1., 1., 1., 1., 1., 1., 1., 1., 1., 1., 1., 1., 1., 1., 1., 1., 1.,
        1., 1., 1., 1., 1., 1., 1., 1., 1., 1., 1., 1., 1., 1., 1., 1., 1., 1.,
        1., 1., 1., 1., 1., 1., 1., 1., 1., 1., 1., 1., 1., 1., 1., 1., 1., 1.,
        1., 1., 1., 1., 1., 1., 1., 1., 1., 1., 1., 1., 1., 1., 1., 1., 1., 1.,
        1., 1., 1., 1., 1., 1., 1., 1., 1., 1., 1., 1., 1., 1., 1., 1., 1., 1.,
        1., 1., 1., 1., 1., 1., 1., 1., 1., 1., 1., 1., 1., 1., 1., 1., 1., 1.,
        1., 1., 1., 1., 1., 1., 1., 1., 1., 1., 1., 1., 1., 1., 1., 1., 1., 1.,
        1., 1., 1., 1., 1., 1., 1., 1., 1., 1., 1., 1., 1., 1., 1., 1., 1., 1.,
        1., 1., 1., 1., 1., 1., 1., 1., 1., 1., 1., 1., 1., 1., 1., 1., 1., 1.,
        1., 1., 1., 1., 1., 1., 1., 1., 1., 1., 1., 1., 1., 1., 1., 1., 1., 1.,
        1., 1., 1., 1.])), ('model.3.num_batches_tracked', tensor(0)), ('model.5.weight', Parameter containing:
tensor([[-0.0421,  0.0312,  0.0478,  ...,  0.0589,  0.0177, -0.0040],
        [ 0.0164, -0.0023, -0.0290,  ...,  0.0036, -0.0164, -0.0132],
        [ 0.0447,  0.0348,  0.0563,  ..., -0.0483, -0.0493,  0.0448],
        ...,
        [ 0.0614,  0.0463, -0.0276,  ...,  0.0585,  0.0179, -0.0336],
        [ 0.0507,  0.0021, -0.0441,  ..., -0.0396,  0.0326,  0.0241],
        [-0.0376,  0.0128, -0.0380,  ...,  0.0419, -0.0537, -0.0191]],
       requires_grad=True)), ('model.5.bias', Parameter containing:
tensor([ 2.0722e-02,  5.9001e-02, -5.3316e-02, -3.3064e-02,  5.6179e-02,
        -5.9652e-02, -5.3250e-02,  3.3627e-02,  5.2663e-02,  3.5685e-02,
        -2.7311e-02,  1.5557e-02, -2.0928e-02, -4.4609e-02,  4.9088e-02,
         4.1951e-02,  5.6948e-02,  1.3726e-02,  1.7192e-02, -3.3749e-02,
        -4.7178e-02,  6.0509e-02,  5.3903e-02,  5.6649e-02,  1.4192e-02,
        -2.5944e-02,  1.5421e-02,  2.2112e-02,  3.7330e-02,  5.5244e-02,
        -8.0869e-05, -3.3584e-02, -6.9669e-03, -2.3055e-02, -3.9971e-03,
         3.2667e-02, -3.9336e-02, -5.4208e-02, -3.8543e-03, -1.6343e-03,
        -1.3216e-02,  4.4829e-02, -1.7904e-02,  5.5683e-02, -1.0694e-02,
        -5.0810e-02, -4.8953e-03,  1.1343e-02, -4.4962e-02,  4.7140e-02,
         3.6697e-02, -3.6325e-02,  5.1379e-02, -2.2834e-02, -1.2599e-02,
        -5.3143e-02,  9.9288e-03,  3.0011e-02, -7.3135e-03,  2.1685e-02,
         7.4563e-03,  2.8475e-02,  3.0241e-02,  2.7519e-02, -4.4341e-02,
         2.9540e-02, -4.5201e-02, -4.9303e-02,  4.8833e-02,  3.4019e-02,
        -4.7245e-02,  1.8629e-02, -4.4286e-02,  5.3672e-02, -2.8939e-02,
         3.3187e-02, -5.1962e-02,  4.3418e-03, -2.8869e-02, -2.3727e-02,
         2.1959e-02,  6.1672e-02,  2.6026e-02, -5.4124e-03, -2.2702e-02,
        -2.9782e-02, -5.9035e-02, -4.1668e-02, -2.1279e-02, -1.9288e-02,
        -2.4282e-02,  2.1574e-02,  1.5913e-02, -5.5127e-03, -4.8452e-02,
        -4.7798e-02,  1.3909e-02, -3.8631e-02,  2.0697e-02, -3.0044e-02,
         7.7515e-03,  4.3211e-02,  5.6934e-02,  1.3633e-02,  7.5640e-03,
        -2.4741e-02, -2.3187e-03,  4.4100e-02,  4.3607e-02,  5.1987e-02,
        -2.1426e-02, -2.6651e-02, -4.9957e-02, -3.4505e-03,  3.2371e-02,
        -1.9632e-02,  7.6696e-03, -4.0179e-02, -9.2261e-03, -5.2787e-02,
        -3.3164e-02, -6.4046e-03, -4.5624e-02, -3.0218e-02, -7.9811e-04,
        -1.9443e-02, -3.4238e-02, -4.9266e-02, -5.0950e-02, -4.9879e-02,
         5.7942e-02,  5.6532e-02,  2.8890e-02, -5.4107e-02,  3.4627e-02,
        -5.2064e-02, -5.1770e-02, -3.6813e-02,  2.8629e-02,  4.3478e-02,
         3.6516e-03,  1.3406e-02,  2.1161e-02, -2.7650e-02,  2.3381e-02,
        -5.3419e-02,  4.1507e-02, -1.5528e-02,  4.3425e-02,  5.4658e-02,
        -3.5251e-02, -3.1932e-02,  6.4591e-03,  3.8767e-02,  3.2950e-02,
         1.1412e-02,  8.4426e-03, -4.9712e-02,  4.8403e-02, -6.1333e-02,
         1.7880e-02,  1.6471e-02, -5.4066e-02,  1.1818e-02, -1.5473e-02,
         1.1579e-02,  6.1891e-03,  1.6445e-02,  4.8117e-02, -5.0226e-03,
         1.2537e-03, -4.9119e-02, -3.2485e-02, -3.9421e-02, -5.1484e-02,
         5.2842e-02,  3.0975e-02,  7.0504e-03,  1.0636e-02, -1.9145e-02,
         1.0499e-02, -7.8472e-04,  5.6179e-02,  2.9066e-02,  3.1869e-03,
        -6.0165e-02, -2.3254e-02, -1.0876e-02,  1.4499e-02, -1.2854e-02,
         2.5031e-02, -3.4246e-02, -3.6222e-02, -1.5876e-02,  6.6466e-03,
        -3.1950e-02,  1.2381e-02,  3.7571e-02,  1.4616e-02, -2.2659e-02,
         5.6374e-02, -3.6028e-02,  2.1019e-02, -1.8857e-02,  3.3060e-02,
        -2.1851e-02,  1.2226e-02, -5.3586e-02,  3.6907e-02,  2.3705e-02,
        -4.5141e-02, -2.6668e-02, -4.2832e-03, -3.2511e-02,  3.8547e-02,
        -3.7741e-02, -1.4009e-02, -3.3391e-02, -5.6366e-02,  1.6073e-02,
        -2.6139e-02,  1.4075e-02, -1.8250e-02,  3.8006e-03, -3.1329e-02,
        -3.3962e-02,  5.9698e-02,  4.2789e-02,  1.6996e-02,  5.7741e-02,
        -3.3134e-02, -3.5726e-02,  5.0918e-04,  5.9604e-02, -4.4430e-02,
         4.8195e-02, -3.6432e-02, -2.6211e-02, -6.0995e-02, -5.5237e-03,
        -4.9987e-04, -3.6338e-02,  1.0400e-02, -5.8033e-02,  2.1392e-02,
        -2.2404e-03,  6.0301e-02, -2.6938e-02, -7.4189e-03, -4.3241e-02,
        -2.1814e-02,  3.0599e-02, -5.6918e-02, -3.3447e-02, -5.0658e-02,
         4.0549e-02, -5.1121e-02, -5.4184e-02, -2.4501e-02, -4.6890e-02,
         4.1545e-02, -4.9627e-02, -2.3694e-02,  5.3098e-02, -5.7973e-02,
        -5.0295e-02,  1.5089e-02,  6.0204e-02, -1.0226e-02,  5.3838e-02,
        -4.9868e-02,  4.8460e-02,  6.1409e-03, -4.5422e-02, -1.9031e-03,
        -5.7414e-02, -2.8134e-04, -6.1641e-02,  1.3420e-02, -3.2268e-02,
        -2.8429e-02, -8.7460e-03,  1.8332e-02, -1.2733e-02,  4.9467e-02,
         5.7520e-02, -1.1333e-02, -2.9761e-02,  4.7164e-02, -5.7875e-04,
        -3.6810e-02, -6.9600e-03, -5.4896e-02, -3.8985e-02,  3.0876e-02,
        -5.5742e-02,  3.9899e-02,  1.6730e-02, -5.1853e-02,  5.1217e-02,
         3.3470e-02,  5.0144e-03,  9.6706e-03,  2.0160e-02,  4.8223e-02,
        -3.8505e-02, -3.9955e-02, -1.8389e-02,  4.4736e-02,  3.5854e-02,
        -4.2256e-02,  3.4765e-02,  1.8580e-02,  1.3309e-02,  1.5084e-02,
        -1.3360e-02, -2.1022e-03,  5.6419e-02, -5.1090e-02,  2.0865e-02,
        -5.4622e-02,  1.9347e-02,  2.0195e-02, -9.9062e-03, -4.9999e-02,
        -5.8108e-02, -5.4078e-02,  1.2347e-02, -2.3924e-02, -3.2514e-02,
        -2.8430e-02, -3.8344e-02, -2.2095e-02,  4.5627e-05,  4.5559e-02,
         5.1686e-02, -3.1563e-02, -1.5059e-02,  2.9300e-02, -4.9901e-02,
        -7.3823e-03,  6.6123e-03, -3.5908e-02,  1.8103e-02, -4.4692e-02,
        -3.1696e-02, -4.9251e-02, -6.0007e-02, -4.2649e-02, -2.8886e-02,
         4.4927e-02,  2.9455e-02,  1.4847e-03, -3.6419e-02, -3.4497e-02,
        -3.6290e-02,  2.0975e-02, -5.3020e-02, -3.7396e-02,  9.1122e-03,
        -4.2387e-02, -5.5876e-02, -5.0699e-02,  6.1040e-02,  4.9948e-02,
        -8.9661e-03,  5.3981e-02,  4.8599e-03, -2.7357e-02,  5.2674e-02,
        -6.0371e-03,  5.6162e-02, -2.0538e-02,  3.9379e-02,  2.6136e-02,
         3.8724e-02, -2.2758e-02, -2.4450e-02,  1.7609e-02,  4.0007e-02,
        -4.1627e-02, -5.5687e-02, -3.4553e-02,  4.9972e-02, -2.5327e-02,
         4.8210e-02,  1.5954e-02, -5.5368e-02, -5.5552e-02,  1.8657e-04,
        -4.6526e-02, -4.2772e-02, -7.1423e-03,  3.7533e-02, -2.7649e-02,
        -4.8558e-02, -3.3765e-02, -3.5745e-02, -4.0823e-02,  4.4559e-02,
         2.2223e-03,  5.6682e-02,  2.9410e-02,  1.8849e-02,  1.3287e-02,
         3.7488e-02,  2.5272e-02,  4.7039e-02,  4.5527e-03,  8.6502e-03,
         2.3402e-02, -2.0918e-02, -5.8172e-02, -2.4665e-02,  5.9928e-02,
        -1.4945e-02,  4.0811e-02,  6.0006e-02, -3.2910e-02,  5.6698e-02,
         4.5587e-02, -4.0333e-03,  6.8992e-03,  6.0300e-02, -4.2694e-02,
        -2.7082e-03,  3.1321e-02,  5.0848e-02, -4.1347e-02,  2.9357e-02,
         3.3137e-02, -3.7944e-02, -1.6776e-03,  2.0678e-02,  5.0488e-02,
        -5.3398e-02,  3.7311e-02, -4.1566e-02, -1.9191e-02,  5.1092e-02,
         6.2060e-02, -5.3819e-02,  2.1798e-02, -5.1354e-02,  5.9479e-02,
         6.1130e-02,  2.8833e-02, -3.4174e-02, -4.0832e-02, -5.5045e-02,
         5.3681e-02, -6.1696e-02,  2.1370e-02,  2.6103e-03,  3.5151e-02,
         6.5867e-03, -5.1397e-02, -4.9477e-02,  3.7048e-02,  6.2393e-02,
        -7.4126e-03,  1.7858e-02, -5.2780e-02, -3.0818e-03, -2.6660e-02,
        -4.3794e-02,  2.0771e-02, -6.0352e-02, -2.5223e-02,  3.4862e-02,
         7.2705e-03,  5.8281e-02, -5.0779e-02, -1.9637e-02,  2.6158e-02,
         5.4683e-03, -4.5899e-02, -4.7587e-02,  2.5950e-02, -2.0369e-02,
         5.3559e-02,  2.5507e-02, -2.1704e-02, -3.8564e-02, -3.0169e-02,
        -1.7085e-02, -1.3655e-02, -3.0708e-02,  4.1710e-02, -2.3763e-02,
         3.8055e-02, -6.0847e-02,  4.8408e-02,  3.1601e-02,  3.5099e-02,
         2.0865e-02, -7.1610e-04, -2.4990e-02,  1.6027e-02,  2.4444e-02,
        -1.5492e-02, -5.6132e-02, -4.3728e-03,  2.7068e-02,  1.7995e-02,
        -6.1898e-02, -3.2694e-03, -2.1904e-03,  2.6409e-02,  4.1794e-02,
        -2.4010e-03,  1.0627e-02], requires_grad=True)), ('model.6.weight', Parameter containing:
tensor([0.0017, 0.2686, 0.6021, 0.7363, 0.5155, 0.0089, 0.2911, 0.1489, 0.7636,
        0.0279, 0.0179, 0.7589, 0.6520, 0.2913, 0.6067, 0.0774, 0.6748, 0.5268,
        0.9473, 0.6119, 0.5480, 0.2403, 0.5616, 0.2279, 0.9862, 0.7911, 0.8110,
        0.8623, 0.0564, 0.7240, 0.9274, 0.0129, 0.5457, 0.6262, 0.7077, 0.7382,
        0.8407, 0.9985, 0.3310, 0.0240, 0.3044, 0.3146, 0.0833, 0.1046, 0.8029,
        0.1597, 0.5213, 0.6125, 0.4840, 0.5811, 0.9525, 0.7734, 0.1729, 0.0740,
        0.8758, 0.3702, 0.7673, 0.7328, 0.1363, 0.5283, 0.9873, 0.5886, 0.2041,
        0.3740, 0.3813, 0.6745, 0.7192, 0.1814, 0.0609, 0.6760, 0.6398, 0.3759,
        0.7383, 0.8762, 0.3148, 0.0552, 0.8920, 0.6910, 0.2332, 0.7467, 0.5220,
        0.3461, 0.9435, 0.7704, 0.4950, 0.2608, 0.9877, 0.4765, 0.5237, 0.9438,
        0.8365, 0.1969, 0.8017, 0.6989, 0.6797, 0.4598, 0.3069, 0.3801, 0.2064,
        0.0156, 0.9333, 0.4737, 0.6531, 0.6779, 0.5804, 0.2988, 0.6757, 0.9350,
        0.9792, 0.2145, 0.3518, 0.9295, 0.1943, 0.8033, 0.8093, 0.8955, 0.6251,
        0.7224, 0.4353, 0.8156, 0.8265, 0.5050, 0.2591, 0.6476, 0.1404, 0.3744,
        0.8099, 0.9613, 0.2574, 0.6280, 0.8013, 0.7257, 0.9894, 0.3653, 0.2821,
        0.7031, 0.7131, 0.4095, 0.4767, 0.6723, 0.9310, 0.9241, 0.5169, 0.0909,
        0.3819, 0.7494, 0.4601, 0.1940, 0.3572, 0.8878, 0.7165, 0.3258, 0.3098,
        0.0191, 0.7849, 0.7793, 0.6919, 0.0417, 0.3934, 0.2890, 0.9683, 0.6119,
        0.4848, 0.1852, 0.8097, 0.2822, 0.0366, 0.9817, 0.7505, 0.5351, 0.3037,
        0.6005, 0.8004, 0.3067, 0.7402, 0.2877, 0.9967, 0.4805, 0.9419, 0.0133,
        0.5619, 0.4056, 0.2646, 0.1513, 0.1021, 0.1959, 0.9532, 0.3272, 0.4070,
        0.2629, 0.2176, 0.5001, 0.7400, 0.0240, 0.9619, 0.5036, 0.3183, 0.0924,
        0.8858, 0.0099, 0.0382, 0.3731, 0.3613, 0.4171, 0.7157, 0.5826, 0.1710,
        0.2017, 0.0920, 0.7504, 0.7501, 0.0174, 0.6536, 0.1425, 0.9750, 0.8578,
        0.9445, 0.5451, 0.5747, 0.7415, 0.3398, 0.7229, 0.9326, 0.0185, 0.2581,
        0.6511, 0.5707, 0.6935, 0.7916, 0.7806, 0.9691, 0.8615, 0.8905, 0.6278,
        0.2218, 0.9150, 0.8915, 0.1226, 0.5755, 0.3964, 0.6268, 0.8585, 0.4098,
        0.0881, 0.7088, 0.8274, 0.6975, 0.1933, 0.3023, 0.4525, 0.5717, 0.7108,
        0.5463, 0.6310, 0.4469, 0.3421, 0.6277, 0.0984, 0.4641, 0.5662, 0.7521,
        0.8579, 0.4781, 0.0616, 0.6849, 0.6585, 0.0477, 0.1916, 0.0167, 0.9863,
        0.2657, 0.2182, 0.0034, 0.5009, 0.5916, 0.5362, 0.7795, 0.1177, 0.2288,
        0.9904, 0.6693, 0.0721, 0.3550, 0.0714, 0.8179, 0.2844, 0.8008, 0.3345,
        0.3137, 0.8760, 0.6933, 0.4196, 0.2878, 0.4468, 0.3537, 0.5763, 0.0578,
        0.3009, 0.2887, 0.6311, 0.9920, 0.8977, 0.9570, 0.6304, 0.9410, 0.4241,
        0.5367, 0.1645, 0.1744, 0.0534, 0.2069, 0.9278, 0.4778, 0.5471, 0.3004,
        0.4999, 0.5959, 0.6631, 0.6626, 0.3124, 0.1567, 0.6332, 0.2887, 0.2757,
        0.0689, 0.4158, 0.0982, 0.8411, 0.5635, 0.7653, 0.9838, 0.6013, 0.3835,
        0.3357, 0.8496, 0.4392, 0.9689, 0.4191, 0.8342, 0.4107, 0.8133, 0.0954,
        0.6883, 0.3829, 0.0296, 0.2962, 0.5019, 0.9000, 0.1607, 0.0801, 0.9063,
        0.4271, 0.6068, 0.8725, 0.5216, 0.3022, 0.1143, 0.5010, 0.5099, 0.8120,
        0.6558, 0.5643, 0.7456, 0.5388, 0.7276, 0.0186, 0.2806, 0.8402, 0.9564,
        0.2469, 0.0380, 0.7284, 0.1832, 0.0298, 0.2526, 0.3531, 0.8154, 0.9222,
        0.2950, 0.0170, 0.1847, 0.1088, 0.2536, 0.9822, 0.6997, 0.0516, 0.3711,
        0.9079, 0.8511, 0.2848, 0.2636, 0.3990, 0.9093, 0.8928, 0.8971, 0.2044,
        0.1064, 0.7277, 0.7464, 0.6281, 0.2701, 0.9982, 0.5265, 0.8373, 0.9531,
        0.4212, 0.6903, 0.0700, 0.1296, 0.7246, 0.4847, 0.9815, 0.0505, 0.9089,
        0.4554, 0.9246, 0.1371, 0.8182, 0.3475, 0.5603, 0.6358, 0.7342, 0.1896,
        0.2450, 0.5248, 0.0745, 0.6590, 0.5147, 0.5114, 0.3545, 0.6246, 0.6548,
        0.8206, 0.8829, 0.0762, 0.5452, 0.6335, 0.4478, 0.8109, 0.4464, 0.9334,
        0.6115, 0.9465, 0.9120, 0.4266, 0.1615, 0.8855, 0.4424, 0.3902, 0.4467,
        0.0082, 0.6662, 0.9608, 0.3551, 0.3053, 0.5991, 0.5349, 0.9650, 0.9261,
        0.5085, 0.7167, 0.7210, 0.1703, 0.3387, 0.8473, 0.5631, 0.4485, 0.5158,
        0.3172, 0.9775, 0.4730, 0.7717, 0.0065, 0.6881, 0.2949, 0.9808, 0.7727,
        0.8823, 0.5105, 0.7312, 0.2851, 0.7780, 0.7063, 0.9992, 0.2216, 0.3345,
        0.8122, 0.1128, 0.8882, 0.2218, 0.8387, 0.7414, 0.8687, 0.9499, 0.5438,
        0.1129, 0.2410, 0.5561, 0.2125, 0.0652, 0.9135, 0.7878, 0.6770, 0.7504,
        0.4800, 0.4345, 0.4415, 0.2075, 0.2846, 0.7213, 0.2451, 0.4509],
       requires_grad=True)), ('model.6.bias', Parameter containing:
tensor([0., 0., 0., 0., 0., 0., 0., 0., 0., 0., 0., 0., 0., 0., 0., 0., 0., 0., 0., 0., 0., 0., 0., 0.,
        0., 0., 0., 0., 0., 0., 0., 0., 0., 0., 0., 0., 0., 0., 0., 0., 0., 0., 0., 0., 0., 0., 0., 0.,
        0., 0., 0., 0., 0., 0., 0., 0., 0., 0., 0., 0., 0., 0., 0., 0., 0., 0., 0., 0., 0., 0., 0., 0.,
        0., 0., 0., 0., 0., 0., 0., 0., 0., 0., 0., 0., 0., 0., 0., 0., 0., 0., 0., 0., 0., 0., 0., 0.,
        0., 0., 0., 0., 0., 0., 0., 0., 0., 0., 0., 0., 0., 0., 0., 0., 0., 0., 0., 0., 0., 0., 0., 0.,
        0., 0., 0., 0., 0., 0., 0., 0., 0., 0., 0., 0., 0., 0., 0., 0., 0., 0., 0., 0., 0., 0., 0., 0.,
        0., 0., 0., 0., 0., 0., 0., 0., 0., 0., 0., 0., 0., 0., 0., 0., 0., 0., 0., 0., 0., 0., 0., 0.,
        0., 0., 0., 0., 0., 0., 0., 0., 0., 0., 0., 0., 0., 0., 0., 0., 0., 0., 0., 0., 0., 0., 0., 0.,
        0., 0., 0., 0., 0., 0., 0., 0., 0., 0., 0., 0., 0., 0., 0., 0., 0., 0., 0., 0., 0., 0., 0., 0.,
        0., 0., 0., 0., 0., 0., 0., 0., 0., 0., 0., 0., 0., 0., 0., 0., 0., 0., 0., 0., 0., 0., 0., 0.,
        0., 0., 0., 0., 0., 0., 0., 0., 0., 0., 0., 0., 0., 0., 0., 0., 0., 0., 0., 0., 0., 0., 0., 0.,
        0., 0., 0., 0., 0., 0., 0., 0., 0., 0., 0., 0., 0., 0., 0., 0., 0., 0., 0., 0., 0., 0., 0., 0.,
        0., 0., 0., 0., 0., 0., 0., 0., 0., 0., 0., 0., 0., 0., 0., 0., 0., 0., 0., 0., 0., 0., 0., 0.,
        0., 0., 0., 0., 0., 0., 0., 0., 0., 0., 0., 0., 0., 0., 0., 0., 0., 0., 0., 0., 0., 0., 0., 0.,
        0., 0., 0., 0., 0., 0., 0., 0., 0., 0., 0., 0., 0., 0., 0., 0., 0., 0., 0., 0., 0., 0., 0., 0.,
        0., 0., 0., 0., 0., 0., 0., 0., 0., 0., 0., 0., 0., 0., 0., 0., 0., 0., 0., 0., 0., 0., 0., 0.,
        0., 0., 0., 0., 0., 0., 0., 0., 0., 0., 0., 0., 0., 0., 0., 0., 0., 0., 0., 0., 0., 0., 0., 0.,
        0., 0., 0., 0., 0., 0., 0., 0., 0., 0., 0., 0., 0., 0., 0., 0., 0., 0., 0., 0., 0., 0., 0., 0.,
        0., 0., 0., 0., 0., 0., 0., 0., 0., 0., 0., 0., 0., 0., 0., 0., 0., 0., 0., 0., 0., 0., 0., 0.,
        0., 0., 0., 0., 0., 0., 0., 0., 0., 0., 0., 0., 0., 0., 0., 0., 0., 0., 0., 0., 0., 0., 0., 0.,
        0., 0., 0., 0., 0., 0., 0., 0., 0., 0., 0., 0., 0., 0., 0., 0., 0., 0., 0., 0., 0., 0., 0., 0.,
        0., 0., 0., 0., 0., 0., 0., 0.], requires_grad=True)), ('model.6.running_mean', tensor([0., 0., 0., 0., 0., 0., 0., 0., 0., 0., 0., 0., 0., 0., 0., 0., 0., 0., 0., 0., 0., 0., 0., 0.,
        0., 0., 0., 0., 0., 0., 0., 0., 0., 0., 0., 0., 0., 0., 0., 0., 0., 0., 0., 0., 0., 0., 0., 0.,
        0., 0., 0., 0., 0., 0., 0., 0., 0., 0., 0., 0., 0., 0., 0., 0., 0., 0., 0., 0., 0., 0., 0., 0.,
        0., 0., 0., 0., 0., 0., 0., 0., 0., 0., 0., 0., 0., 0., 0., 0., 0., 0., 0., 0., 0., 0., 0., 0.,
        0., 0., 0., 0., 0., 0., 0., 0., 0., 0., 0., 0., 0., 0., 0., 0., 0., 0., 0., 0., 0., 0., 0., 0.,
        0., 0., 0., 0., 0., 0., 0., 0., 0., 0., 0., 0., 0., 0., 0., 0., 0., 0., 0., 0., 0., 0., 0., 0.,
        0., 0., 0., 0., 0., 0., 0., 0., 0., 0., 0., 0., 0., 0., 0., 0., 0., 0., 0., 0., 0., 0., 0., 0.,
        0., 0., 0., 0., 0., 0., 0., 0., 0., 0., 0., 0., 0., 0., 0., 0., 0., 0., 0., 0., 0., 0., 0., 0.,
        0., 0., 0., 0., 0., 0., 0., 0., 0., 0., 0., 0., 0., 0., 0., 0., 0., 0., 0., 0., 0., 0., 0., 0.,
        0., 0., 0., 0., 0., 0., 0., 0., 0., 0., 0., 0., 0., 0., 0., 0., 0., 0., 0., 0., 0., 0., 0., 0.,
        0., 0., 0., 0., 0., 0., 0., 0., 0., 0., 0., 0., 0., 0., 0., 0., 0., 0., 0., 0., 0., 0., 0., 0.,
        0., 0., 0., 0., 0., 0., 0., 0., 0., 0., 0., 0., 0., 0., 0., 0., 0., 0., 0., 0., 0., 0., 0., 0.,
        0., 0., 0., 0., 0., 0., 0., 0., 0., 0., 0., 0., 0., 0., 0., 0., 0., 0., 0., 0., 0., 0., 0., 0.,
        0., 0., 0., 0., 0., 0., 0., 0., 0., 0., 0., 0., 0., 0., 0., 0., 0., 0., 0., 0., 0., 0., 0., 0.,
        0., 0., 0., 0., 0., 0., 0., 0., 0., 0., 0., 0., 0., 0., 0., 0., 0., 0., 0., 0., 0., 0., 0., 0.,
        0., 0., 0., 0., 0., 0., 0., 0., 0., 0., 0., 0., 0., 0., 0., 0., 0., 0., 0., 0., 0., 0., 0., 0.,
        0., 0., 0., 0., 0., 0., 0., 0., 0., 0., 0., 0., 0., 0., 0., 0., 0., 0., 0., 0., 0., 0., 0., 0.,
        0., 0., 0., 0., 0., 0., 0., 0., 0., 0., 0., 0., 0., 0., 0., 0., 0., 0., 0., 0., 0., 0., 0., 0.,
        0., 0., 0., 0., 0., 0., 0., 0., 0., 0., 0., 0., 0., 0., 0., 0., 0., 0., 0., 0., 0., 0., 0., 0.,
        0., 0., 0., 0., 0., 0., 0., 0., 0., 0., 0., 0., 0., 0., 0., 0., 0., 0., 0., 0., 0., 0., 0., 0.,
        0., 0., 0., 0., 0., 0., 0., 0., 0., 0., 0., 0., 0., 0., 0., 0., 0., 0., 0., 0., 0., 0., 0., 0.,
        0., 0., 0., 0., 0., 0., 0., 0.])), ('model.6.running_var', tensor([1., 1., 1., 1., 1., 1., 1., 1., 1., 1., 1., 1., 1., 1., 1., 1., 1., 1.,
        1., 1., 1., 1., 1., 1., 1., 1., 1., 1., 1., 1., 1., 1., 1., 1., 1., 1.,
        1., 1., 1., 1., 1., 1., 1., 1., 1., 1., 1., 1., 1., 1., 1., 1., 1., 1.,
        1., 1., 1., 1., 1., 1., 1., 1., 1., 1., 1., 1., 1., 1., 1., 1., 1., 1.,
        1., 1., 1., 1., 1., 1., 1., 1., 1., 1., 1., 1., 1., 1., 1., 1., 1., 1.,
        1., 1., 1., 1., 1., 1., 1., 1., 1., 1., 1., 1., 1., 1., 1., 1., 1., 1.,
        1., 1., 1., 1., 1., 1., 1., 1., 1., 1., 1., 1., 1., 1., 1., 1., 1., 1.,
        1., 1., 1., 1., 1., 1., 1., 1., 1., 1., 1., 1., 1., 1., 1., 1., 1., 1.,
        1., 1., 1., 1., 1., 1., 1., 1., 1., 1., 1., 1., 1., 1., 1., 1., 1., 1.,
        1., 1., 1., 1., 1., 1., 1., 1., 1., 1., 1., 1., 1., 1., 1., 1., 1., 1.,
        1., 1., 1., 1., 1., 1., 1., 1., 1., 1., 1., 1., 1., 1., 1., 1., 1., 1.,
        1., 1., 1., 1., 1., 1., 1., 1., 1., 1., 1., 1., 1., 1., 1., 1., 1., 1.,
        1., 1., 1., 1., 1., 1., 1., 1., 1., 1., 1., 1., 1., 1., 1., 1., 1., 1.,
        1., 1., 1., 1., 1., 1., 1., 1., 1., 1., 1., 1., 1., 1., 1., 1., 1., 1.,
        1., 1., 1., 1., 1., 1., 1., 1., 1., 1., 1., 1., 1., 1., 1., 1., 1., 1.,
        1., 1., 1., 1., 1., 1., 1., 1., 1., 1., 1., 1., 1., 1., 1., 1., 1., 1.,
        1., 1., 1., 1., 1., 1., 1., 1., 1., 1., 1., 1., 1., 1., 1., 1., 1., 1.,
        1., 1., 1., 1., 1., 1., 1., 1., 1., 1., 1., 1., 1., 1., 1., 1., 1., 1.,
        1., 1., 1., 1., 1., 1., 1., 1., 1., 1., 1., 1., 1., 1., 1., 1., 1., 1.,
        1., 1., 1., 1., 1., 1., 1., 1., 1., 1., 1., 1., 1., 1., 1., 1., 1., 1.,
        1., 1., 1., 1., 1., 1., 1., 1., 1., 1., 1., 1., 1., 1., 1., 1., 1., 1.,
        1., 1., 1., 1., 1., 1., 1., 1., 1., 1., 1., 1., 1., 1., 1., 1., 1., 1.,
        1., 1., 1., 1., 1., 1., 1., 1., 1., 1., 1., 1., 1., 1., 1., 1., 1., 1.,
        1., 1., 1., 1., 1., 1., 1., 1., 1., 1., 1., 1., 1., 1., 1., 1., 1., 1.,
        1., 1., 1., 1., 1., 1., 1., 1., 1., 1., 1., 1., 1., 1., 1., 1., 1., 1.,
        1., 1., 1., 1., 1., 1., 1., 1., 1., 1., 1., 1., 1., 1., 1., 1., 1., 1.,
        1., 1., 1., 1., 1., 1., 1., 1., 1., 1., 1., 1., 1., 1., 1., 1., 1., 1.,
        1., 1., 1., 1., 1., 1., 1., 1., 1., 1., 1., 1., 1., 1., 1., 1., 1., 1.,
        1., 1., 1., 1., 1., 1., 1., 1.])), ('model.6.num_batches_tracked', tensor(0)), ('model.8.weight', Parameter containing:
tensor([[-0.0056,  0.0382,  0.0091,  ..., -0.0141,  0.0104, -0.0080],
        [-0.0384, -0.0091,  0.0065,  ...,  0.0247,  0.0158,  0.0312],
        [-0.0182, -0.0296, -0.0097,  ...,  0.0397, -0.0201,  0.0170],
        ...,
        [-0.0233,  0.0352, -0.0433,  ..., -0.0100, -0.0376,  0.0126],
        [-0.0175,  0.0204,  0.0413,  ..., -0.0005, -0.0386, -0.0055],
        [ 0.0177, -0.0418, -0.0098,  ...,  0.0048,  0.0252, -0.0212]],
       requires_grad=True)), ('model.8.bias', Parameter containing:
tensor([ 0.0173,  0.0347, -0.0312,  ...,  0.0017, -0.0279, -0.0158],
       requires_grad=True)), ('model.9.weight', Parameter containing:
tensor([0.4594, 0.8285, 0.9686,  ..., 0.7734, 0.1152, 0.7701],
       requires_grad=True)), ('model.9.bias', Parameter containing:
tensor([0., 0., 0.,  ..., 0., 0., 0.], requires_grad=True)), ('model.9.running_mean', tensor([0., 0., 0.,  ..., 0., 0., 0.])), ('model.9.running_var', tensor([1., 1., 1.,  ..., 1., 1., 1.])), ('model.9.num_batches_tracked', tensor(0)), ('model.11.weight', Parameter containing:
tensor([[-0.0246,  0.0142, -0.0179,  ...,  0.0291,  0.0051, -0.0286],
        [ 0.0246, -0.0300,  0.0053,  ..., -0.0209, -0.0006,  0.0119],
        [ 0.0228, -0.0151,  0.0192,  ..., -0.0274,  0.0240,  0.0023],
        ...,
        [ 0.0243,  0.0074,  0.0287,  ...,  0.0176,  0.0155,  0.0123],
        [-0.0084,  0.0079,  0.0080,  ...,  0.0151,  0.0237,  0.0137],
        [-0.0084,  0.0286,  0.0028,  ..., -0.0139, -0.0134, -0.0180]],
       requires_grad=True)), ('model.11.bias', Parameter containing:
tensor([ 0.0245,  0.0287, -0.0233,  ...,  0.0124,  0.0025,  0.0104],
       requires_grad=True))])